{
 "cells": [
  {
   "cell_type": "code",
<<<<<<< HEAD
   "execution_count": 1,
   "metadata": {
    "id": "LaXileG0NDA8"
   },
   "outputs": [],
   "source": [
    "import pandas as pd\n",
    "import numpy as np\n",
    "import matplotlib.pyplot as plt\n",
    "\n",
    "import seaborn as sns\n",
    "\n",
    "from sklearn.metrics import silhouette_score, f1_score, classification_report\n",
    "from sklearn.model_selection import train_test_split\n",
    "from sklearn.preprocessing import StandardScaler, MinMaxScaler, Normalizer\n",
    "from sklearn.cluster import KMeans, AgglomerativeClustering, SpectralClustering\n",
    "from sklearn.neighbors import kneighbors_graph\n",
    "from sklearn.decomposition import PCA\n",
    "\n",
    "from scipy.spatial.distance import cdist, pdist\n",
    "\n",
    "%matplotlib inline"
   ]
  },
  {
   "cell_type": "code",
   "execution_count": 2,
   "metadata": {
    "colab": {
     "base_uri": "https://localhost:8080/",
     "height": 204
    },
    "id": "j_GHuiPqNIQO",
    "outputId": "d62af70f-1a6e-4a24-b900-f00b694dc0f6"
   },
   "outputs": [
    {
     "data": {
      "text/html": [
       "<div>\n",
       "<style scoped>\n",
       "    .dataframe tbody tr th:only-of-type {\n",
       "        vertical-align: middle;\n",
       "    }\n",
       "\n",
       "    .dataframe tbody tr th {\n",
       "        vertical-align: top;\n",
       "    }\n",
       "\n",
       "    .dataframe thead th {\n",
       "        text-align: right;\n",
       "    }\n",
       "</style>\n",
       "<table border=\"1\" class=\"dataframe\">\n",
       "  <thead>\n",
       "    <tr style=\"text-align: right;\">\n",
       "      <th></th>\n",
       "      <th>X</th>\n",
       "      <th>Y</th>\n",
       "      <th>month</th>\n",
       "      <th>day</th>\n",
       "      <th>FFMC</th>\n",
       "      <th>DMC</th>\n",
       "      <th>DC</th>\n",
       "      <th>ISI</th>\n",
       "      <th>temp</th>\n",
       "      <th>RH</th>\n",
       "      <th>wind</th>\n",
       "      <th>rain</th>\n",
       "      <th>area</th>\n",
       "    </tr>\n",
       "  </thead>\n",
       "  <tbody>\n",
       "    <tr>\n",
       "      <th>0</th>\n",
       "      <td>7</td>\n",
       "      <td>5</td>\n",
       "      <td>mar</td>\n",
       "      <td>fri</td>\n",
       "      <td>86.2</td>\n",
       "      <td>26.2</td>\n",
       "      <td>94.3</td>\n",
       "      <td>5.1</td>\n",
       "      <td>8.2</td>\n",
       "      <td>51</td>\n",
       "      <td>6.7</td>\n",
       "      <td>0.0</td>\n",
       "      <td>0.0</td>\n",
       "    </tr>\n",
       "    <tr>\n",
       "      <th>1</th>\n",
       "      <td>7</td>\n",
       "      <td>4</td>\n",
       "      <td>oct</td>\n",
       "      <td>tue</td>\n",
       "      <td>90.6</td>\n",
       "      <td>35.4</td>\n",
       "      <td>669.1</td>\n",
       "      <td>6.7</td>\n",
       "      <td>18.0</td>\n",
       "      <td>33</td>\n",
       "      <td>0.9</td>\n",
       "      <td>0.0</td>\n",
       "      <td>0.0</td>\n",
       "    </tr>\n",
       "    <tr>\n",
       "      <th>2</th>\n",
       "      <td>7</td>\n",
       "      <td>4</td>\n",
       "      <td>oct</td>\n",
       "      <td>sat</td>\n",
       "      <td>90.6</td>\n",
       "      <td>43.7</td>\n",
       "      <td>686.9</td>\n",
       "      <td>6.7</td>\n",
       "      <td>14.6</td>\n",
       "      <td>33</td>\n",
       "      <td>1.3</td>\n",
       "      <td>0.0</td>\n",
       "      <td>0.0</td>\n",
       "    </tr>\n",
       "    <tr>\n",
       "      <th>3</th>\n",
       "      <td>8</td>\n",
       "      <td>6</td>\n",
       "      <td>mar</td>\n",
       "      <td>fri</td>\n",
       "      <td>91.7</td>\n",
       "      <td>33.3</td>\n",
       "      <td>77.5</td>\n",
       "      <td>9.0</td>\n",
       "      <td>8.3</td>\n",
       "      <td>97</td>\n",
       "      <td>4.0</td>\n",
       "      <td>0.2</td>\n",
       "      <td>0.0</td>\n",
       "    </tr>\n",
       "    <tr>\n",
       "      <th>4</th>\n",
       "      <td>8</td>\n",
       "      <td>6</td>\n",
       "      <td>mar</td>\n",
       "      <td>sun</td>\n",
       "      <td>89.3</td>\n",
       "      <td>51.3</td>\n",
       "      <td>102.2</td>\n",
       "      <td>9.6</td>\n",
       "      <td>11.4</td>\n",
       "      <td>99</td>\n",
       "      <td>1.8</td>\n",
       "      <td>0.0</td>\n",
       "      <td>0.0</td>\n",
       "    </tr>\n",
       "  </tbody>\n",
       "</table>\n",
       "</div>"
      ],
      "text/plain": [
       "   X  Y month  day  FFMC   DMC     DC  ISI  temp  RH  wind  rain  area\n",
       "0  7  5   mar  fri  86.2  26.2   94.3  5.1   8.2  51   6.7   0.0   0.0\n",
       "1  7  4   oct  tue  90.6  35.4  669.1  6.7  18.0  33   0.9   0.0   0.0\n",
       "2  7  4   oct  sat  90.6  43.7  686.9  6.7  14.6  33   1.3   0.0   0.0\n",
       "3  8  6   mar  fri  91.7  33.3   77.5  9.0   8.3  97   4.0   0.2   0.0\n",
       "4  8  6   mar  sun  89.3  51.3  102.2  9.6  11.4  99   1.8   0.0   0.0"
      ]
     },
     "execution_count": 2,
     "metadata": {},
     "output_type": "execute_result"
    }
   ],
   "source": [
    "forest = pd.read_csv(\"https://archive.ics.uci.edu/ml/machine-learning-databases/forest-fires/forestfires.csv\")\n",
    "forest.head()"
=======
   "execution_count": null,
   "metadata": {
    "colab": {
     "base_uri": "https://localhost:8080/"
    },
    "id": "cTDhw8go4YIS",
    "outputId": "6af483f2-28f6-42cc-feb8-ce92f53c1dfb"
   },
   "outputs": [
    {
     "name": "stdout",
     "output_type": "stream",
     "text": [
      "Collecting mglearn\n",
      "\u001b[?25l  Downloading https://files.pythonhosted.org/packages/65/38/8aced26fce0b2ae82c3c87cd3b6105f38ca6d9d51704ecc44aa54473e6b9/mglearn-0.1.9.tar.gz (540kB)\n",
      "\u001b[K     |████████████████████████████████| 542kB 2.7MB/s eta 0:00:01\n",
      "\u001b[?25hRequirement already satisfied: numpy in /usr/local/lib/python3.6/dist-packages (from mglearn) (1.18.5)\n",
      "Requirement already satisfied: matplotlib in /usr/local/lib/python3.6/dist-packages (from mglearn) (3.2.2)\n",
      "Requirement already satisfied: scikit-learn in /usr/local/lib/python3.6/dist-packages (from mglearn) (0.22.2.post1)\n",
      "Requirement already satisfied: pandas in /usr/local/lib/python3.6/dist-packages (from mglearn) (1.1.4)\n",
      "Requirement already satisfied: pillow in /usr/local/lib/python3.6/dist-packages (from mglearn) (7.0.0)\n",
      "Requirement already satisfied: cycler in /usr/local/lib/python3.6/dist-packages (from mglearn) (0.10.0)\n",
      "Requirement already satisfied: imageio in /usr/local/lib/python3.6/dist-packages (from mglearn) (2.4.1)\n",
      "Requirement already satisfied: joblib in /usr/local/lib/python3.6/dist-packages (from mglearn) (0.17.0)\n",
      "Requirement already satisfied: kiwisolver>=1.0.1 in /usr/local/lib/python3.6/dist-packages (from matplotlib->mglearn) (1.3.1)\n",
      "Requirement already satisfied: pyparsing!=2.0.4,!=2.1.2,!=2.1.6,>=2.0.1 in /usr/local/lib/python3.6/dist-packages (from matplotlib->mglearn) (2.4.7)\n",
      "Requirement already satisfied: python-dateutil>=2.1 in /usr/local/lib/python3.6/dist-packages (from matplotlib->mglearn) (2.8.1)\n",
      "Requirement already satisfied: scipy>=0.17.0 in /usr/local/lib/python3.6/dist-packages (from scikit-learn->mglearn) (1.4.1)\n",
      "Requirement already satisfied: pytz>=2017.2 in /usr/local/lib/python3.6/dist-packages (from pandas->mglearn) (2018.9)\n",
      "Requirement already satisfied: six in /usr/local/lib/python3.6/dist-packages (from cycler->mglearn) (1.15.0)\n",
      "Building wheels for collected packages: mglearn\n",
      "  Building wheel for mglearn (setup.py) ... \u001b[?25l\u001b[?25hdone\n",
      "  Created wheel for mglearn: filename=mglearn-0.1.9-py2.py3-none-any.whl size=582639 sha256=7c8ab2ad169219204e9aa194f4c6b7c73084796fb6f49b11454f2ffe1a309f8d\n",
      "  Stored in directory: /root/.cache/pip/wheels/eb/a6/ea/a6a3716233fa62fc561259b5cb1e28f79e9ff3592c0adac5f0\n",
      "Successfully built mglearn\n",
      "Installing collected packages: mglearn\n",
      "Successfully installed mglearn-0.1.9\n"
     ]
    }
   ],
   "source": [
    "!pip install mglearn"
>>>>>>> e3ab436d4b0919c82f62b78da00d9eb0f24c3384
   ]
  },
  {
   "cell_type": "code",
<<<<<<< HEAD
   "execution_count": 3,
   "metadata": {
    "colab": {
     "base_uri": "https://localhost:8080/"
    },
    "id": "5z-UTUM2NNyg",
    "outputId": "9448b2e0-cfae-4558-a300-61c4408ca531"
   },
   "outputs": [
    {
     "data": {
      "text/plain": [
       "(517, 13)"
      ]
     },
     "execution_count": 3,
     "metadata": {},
     "output_type": "execute_result"
    }
   ],
   "source": [
    "forest.shape"
=======
   "execution_count": null,
   "metadata": {
    "id": "LaXileG0NDA8"
   },
   "outputs": [],
   "source": [
    "import pandas as pd\n",
    "import numpy as np\n",
    "import matplotlib.pyplot as plt\n",
    "import mglearn\n",
    "\n",
    "import seaborn as sns\n",
    "\n",
    "from sklearn.metrics import silhouette_score\n",
    "from sklearn.model_selection import train_test_split\n",
    "from sklearn.preprocessing import StandardScaler, MinMaxScaler, Normalizer\n",
    "from sklearn.cluster import KMeans, AgglomerativeClustering\n",
    "from sklearn.neighbors import kneighbors_graph\n",
    "from sklearn.decomposition import PCA\n",
    "\n",
    "from scipy.spatial.distance import cdist, pdist\n",
    "\n",
    "%matplotlib inline"
>>>>>>> e3ab436d4b0919c82f62b78da00d9eb0f24c3384
   ]
  },
  {
   "cell_type": "code",
<<<<<<< HEAD
   "execution_count": 4,
   "metadata": {
    "colab": {
     "base_uri": "https://localhost:8080/",
     "height": 390
    },
    "id": "jR2DOO6vTWEv",
    "outputId": "5577b9d0-b0ed-4335-c986-dd016a9a79cf"
=======
   "execution_count": null,
   "metadata": {
    "colab": {
     "base_uri": "https://localhost:8080/",
     "height": 204
    },
    "id": "j_GHuiPqNIQO",
    "outputId": "5baaef03-ef03-4fdd-b77d-bd0e1606c437"
>>>>>>> e3ab436d4b0919c82f62b78da00d9eb0f24c3384
   },
   "outputs": [
    {
     "data": {
      "text/html": [
       "<div>\n",
       "<style scoped>\n",
       "    .dataframe tbody tr th:only-of-type {\n",
       "        vertical-align: middle;\n",
       "    }\n",
       "\n",
       "    .dataframe tbody tr th {\n",
       "        vertical-align: top;\n",
       "    }\n",
       "\n",
       "    .dataframe thead th {\n",
       "        text-align: right;\n",
       "    }\n",
       "</style>\n",
       "<table border=\"1\" class=\"dataframe\">\n",
       "  <thead>\n",
       "    <tr style=\"text-align: right;\">\n",
       "      <th></th>\n",
       "      <th>X</th>\n",
       "      <th>Y</th>\n",
<<<<<<< HEAD
=======
       "      <th>month</th>\n",
       "      <th>day</th>\n",
>>>>>>> e3ab436d4b0919c82f62b78da00d9eb0f24c3384
       "      <th>FFMC</th>\n",
       "      <th>DMC</th>\n",
       "      <th>DC</th>\n",
       "      <th>ISI</th>\n",
       "      <th>temp</th>\n",
       "      <th>RH</th>\n",
       "      <th>wind</th>\n",
       "      <th>rain</th>\n",
       "      <th>area</th>\n",
       "    </tr>\n",
       "  </thead>\n",
       "  <tbody>\n",
       "    <tr>\n",
<<<<<<< HEAD
       "      <th>X</th>\n",
       "      <td>1.000000</td>\n",
       "      <td>0.539548</td>\n",
       "      <td>-0.021039</td>\n",
       "      <td>-0.048384</td>\n",
       "      <td>-0.085916</td>\n",
       "      <td>0.006210</td>\n",
       "      <td>-0.051258</td>\n",
       "      <td>0.085223</td>\n",
       "      <td>0.018798</td>\n",
       "      <td>0.065387</td>\n",
       "      <td>0.063385</td>\n",
       "    </tr>\n",
       "    <tr>\n",
       "      <th>Y</th>\n",
       "      <td>0.539548</td>\n",
       "      <td>1.000000</td>\n",
       "      <td>-0.046308</td>\n",
       "      <td>0.007782</td>\n",
       "      <td>-0.101178</td>\n",
       "      <td>-0.024488</td>\n",
       "      <td>-0.024103</td>\n",
       "      <td>0.062221</td>\n",
       "      <td>-0.020341</td>\n",
       "      <td>0.033234</td>\n",
       "      <td>0.044873</td>\n",
       "    </tr>\n",
       "    <tr>\n",
       "      <th>FFMC</th>\n",
       "      <td>-0.021039</td>\n",
       "      <td>-0.046308</td>\n",
       "      <td>1.000000</td>\n",
       "      <td>0.382619</td>\n",
       "      <td>0.330512</td>\n",
       "      <td>0.531805</td>\n",
       "      <td>0.431532</td>\n",
       "      <td>-0.300995</td>\n",
       "      <td>-0.028485</td>\n",
       "      <td>0.056702</td>\n",
       "      <td>0.040122</td>\n",
       "    </tr>\n",
       "    <tr>\n",
       "      <th>DMC</th>\n",
       "      <td>-0.048384</td>\n",
       "      <td>0.007782</td>\n",
       "      <td>0.382619</td>\n",
       "      <td>1.000000</td>\n",
       "      <td>0.682192</td>\n",
       "      <td>0.305128</td>\n",
       "      <td>0.469594</td>\n",
       "      <td>0.073795</td>\n",
       "      <td>-0.105342</td>\n",
       "      <td>0.074790</td>\n",
       "      <td>0.072994</td>\n",
       "    </tr>\n",
       "    <tr>\n",
       "      <th>DC</th>\n",
       "      <td>-0.085916</td>\n",
       "      <td>-0.101178</td>\n",
       "      <td>0.330512</td>\n",
       "      <td>0.682192</td>\n",
       "      <td>1.000000</td>\n",
       "      <td>0.229154</td>\n",
       "      <td>0.496208</td>\n",
       "      <td>-0.039192</td>\n",
       "      <td>-0.203466</td>\n",
       "      <td>0.035861</td>\n",
       "      <td>0.049383</td>\n",
       "    </tr>\n",
       "    <tr>\n",
       "      <th>ISI</th>\n",
       "      <td>0.006210</td>\n",
       "      <td>-0.024488</td>\n",
       "      <td>0.531805</td>\n",
       "      <td>0.305128</td>\n",
       "      <td>0.229154</td>\n",
       "      <td>1.000000</td>\n",
       "      <td>0.394287</td>\n",
       "      <td>-0.132517</td>\n",
       "      <td>0.106826</td>\n",
       "      <td>0.067668</td>\n",
       "      <td>0.008258</td>\n",
       "    </tr>\n",
       "    <tr>\n",
       "      <th>temp</th>\n",
       "      <td>-0.051258</td>\n",
       "      <td>-0.024103</td>\n",
       "      <td>0.431532</td>\n",
       "      <td>0.469594</td>\n",
       "      <td>0.496208</td>\n",
       "      <td>0.394287</td>\n",
       "      <td>1.000000</td>\n",
       "      <td>-0.527390</td>\n",
       "      <td>-0.227116</td>\n",
       "      <td>0.069491</td>\n",
       "      <td>0.097844</td>\n",
       "    </tr>\n",
       "    <tr>\n",
       "      <th>RH</th>\n",
       "      <td>0.085223</td>\n",
       "      <td>0.062221</td>\n",
       "      <td>-0.300995</td>\n",
       "      <td>0.073795</td>\n",
       "      <td>-0.039192</td>\n",
       "      <td>-0.132517</td>\n",
       "      <td>-0.527390</td>\n",
       "      <td>1.000000</td>\n",
       "      <td>0.069410</td>\n",
       "      <td>0.099751</td>\n",
       "      <td>-0.075519</td>\n",
       "    </tr>\n",
       "    <tr>\n",
       "      <th>wind</th>\n",
       "      <td>0.018798</td>\n",
       "      <td>-0.020341</td>\n",
       "      <td>-0.028485</td>\n",
       "      <td>-0.105342</td>\n",
       "      <td>-0.203466</td>\n",
       "      <td>0.106826</td>\n",
       "      <td>-0.227116</td>\n",
       "      <td>0.069410</td>\n",
       "      <td>1.000000</td>\n",
       "      <td>0.061119</td>\n",
       "      <td>0.012317</td>\n",
       "    </tr>\n",
       "    <tr>\n",
       "      <th>rain</th>\n",
       "      <td>0.065387</td>\n",
       "      <td>0.033234</td>\n",
       "      <td>0.056702</td>\n",
       "      <td>0.074790</td>\n",
       "      <td>0.035861</td>\n",
       "      <td>0.067668</td>\n",
       "      <td>0.069491</td>\n",
       "      <td>0.099751</td>\n",
       "      <td>0.061119</td>\n",
       "      <td>1.000000</td>\n",
       "      <td>-0.007366</td>\n",
       "    </tr>\n",
       "    <tr>\n",
       "      <th>area</th>\n",
       "      <td>0.063385</td>\n",
       "      <td>0.044873</td>\n",
       "      <td>0.040122</td>\n",
       "      <td>0.072994</td>\n",
       "      <td>0.049383</td>\n",
       "      <td>0.008258</td>\n",
       "      <td>0.097844</td>\n",
       "      <td>-0.075519</td>\n",
       "      <td>0.012317</td>\n",
       "      <td>-0.007366</td>\n",
       "      <td>1.000000</td>\n",
=======
       "      <th>0</th>\n",
       "      <td>7</td>\n",
       "      <td>5</td>\n",
       "      <td>mar</td>\n",
       "      <td>fri</td>\n",
       "      <td>86.2</td>\n",
       "      <td>26.2</td>\n",
       "      <td>94.3</td>\n",
       "      <td>5.1</td>\n",
       "      <td>8.2</td>\n",
       "      <td>51</td>\n",
       "      <td>6.7</td>\n",
       "      <td>0.0</td>\n",
       "      <td>0.0</td>\n",
       "    </tr>\n",
       "    <tr>\n",
       "      <th>1</th>\n",
       "      <td>7</td>\n",
       "      <td>4</td>\n",
       "      <td>oct</td>\n",
       "      <td>tue</td>\n",
       "      <td>90.6</td>\n",
       "      <td>35.4</td>\n",
       "      <td>669.1</td>\n",
       "      <td>6.7</td>\n",
       "      <td>18.0</td>\n",
       "      <td>33</td>\n",
       "      <td>0.9</td>\n",
       "      <td>0.0</td>\n",
       "      <td>0.0</td>\n",
       "    </tr>\n",
       "    <tr>\n",
       "      <th>2</th>\n",
       "      <td>7</td>\n",
       "      <td>4</td>\n",
       "      <td>oct</td>\n",
       "      <td>sat</td>\n",
       "      <td>90.6</td>\n",
       "      <td>43.7</td>\n",
       "      <td>686.9</td>\n",
       "      <td>6.7</td>\n",
       "      <td>14.6</td>\n",
       "      <td>33</td>\n",
       "      <td>1.3</td>\n",
       "      <td>0.0</td>\n",
       "      <td>0.0</td>\n",
       "    </tr>\n",
       "    <tr>\n",
       "      <th>3</th>\n",
       "      <td>8</td>\n",
       "      <td>6</td>\n",
       "      <td>mar</td>\n",
       "      <td>fri</td>\n",
       "      <td>91.7</td>\n",
       "      <td>33.3</td>\n",
       "      <td>77.5</td>\n",
       "      <td>9.0</td>\n",
       "      <td>8.3</td>\n",
       "      <td>97</td>\n",
       "      <td>4.0</td>\n",
       "      <td>0.2</td>\n",
       "      <td>0.0</td>\n",
       "    </tr>\n",
       "    <tr>\n",
       "      <th>4</th>\n",
       "      <td>8</td>\n",
       "      <td>6</td>\n",
       "      <td>mar</td>\n",
       "      <td>sun</td>\n",
       "      <td>89.3</td>\n",
       "      <td>51.3</td>\n",
       "      <td>102.2</td>\n",
       "      <td>9.6</td>\n",
       "      <td>11.4</td>\n",
       "      <td>99</td>\n",
       "      <td>1.8</td>\n",
       "      <td>0.0</td>\n",
       "      <td>0.0</td>\n",
>>>>>>> e3ab436d4b0919c82f62b78da00d9eb0f24c3384
       "    </tr>\n",
       "  </tbody>\n",
       "</table>\n",
       "</div>"
      ],
      "text/plain": [
<<<<<<< HEAD
       "             X         Y      FFMC       DMC        DC       ISI      temp  \\\n",
       "X     1.000000  0.539548 -0.021039 -0.048384 -0.085916  0.006210 -0.051258   \n",
       "Y     0.539548  1.000000 -0.046308  0.007782 -0.101178 -0.024488 -0.024103   \n",
       "FFMC -0.021039 -0.046308  1.000000  0.382619  0.330512  0.531805  0.431532   \n",
       "DMC  -0.048384  0.007782  0.382619  1.000000  0.682192  0.305128  0.469594   \n",
       "DC   -0.085916 -0.101178  0.330512  0.682192  1.000000  0.229154  0.496208   \n",
       "ISI   0.006210 -0.024488  0.531805  0.305128  0.229154  1.000000  0.394287   \n",
       "temp -0.051258 -0.024103  0.431532  0.469594  0.496208  0.394287  1.000000   \n",
       "RH    0.085223  0.062221 -0.300995  0.073795 -0.039192 -0.132517 -0.527390   \n",
       "wind  0.018798 -0.020341 -0.028485 -0.105342 -0.203466  0.106826 -0.227116   \n",
       "rain  0.065387  0.033234  0.056702  0.074790  0.035861  0.067668  0.069491   \n",
       "area  0.063385  0.044873  0.040122  0.072994  0.049383  0.008258  0.097844   \n",
       "\n",
       "            RH      wind      rain      area  \n",
       "X     0.085223  0.018798  0.065387  0.063385  \n",
       "Y     0.062221 -0.020341  0.033234  0.044873  \n",
       "FFMC -0.300995 -0.028485  0.056702  0.040122  \n",
       "DMC   0.073795 -0.105342  0.074790  0.072994  \n",
       "DC   -0.039192 -0.203466  0.035861  0.049383  \n",
       "ISI  -0.132517  0.106826  0.067668  0.008258  \n",
       "temp -0.527390 -0.227116  0.069491  0.097844  \n",
       "RH    1.000000  0.069410  0.099751 -0.075519  \n",
       "wind  0.069410  1.000000  0.061119  0.012317  \n",
       "rain  0.099751  0.061119  1.000000 -0.007366  \n",
       "area -0.075519  0.012317 -0.007366  1.000000  "
      ]
     },
     "execution_count": 4,
     "metadata": {},
=======
       "   X  Y month  day  FFMC   DMC     DC  ISI  temp  RH  wind  rain  area\n",
       "0  7  5   mar  fri  86.2  26.2   94.3  5.1   8.2  51   6.7   0.0   0.0\n",
       "1  7  4   oct  tue  90.6  35.4  669.1  6.7  18.0  33   0.9   0.0   0.0\n",
       "2  7  4   oct  sat  90.6  43.7  686.9  6.7  14.6  33   1.3   0.0   0.0\n",
       "3  8  6   mar  fri  91.7  33.3   77.5  9.0   8.3  97   4.0   0.2   0.0\n",
       "4  8  6   mar  sun  89.3  51.3  102.2  9.6  11.4  99   1.8   0.0   0.0"
      ]
     },
     "execution_count": 286,
     "metadata": {
      "tags": []
     },
>>>>>>> e3ab436d4b0919c82f62b78da00d9eb0f24c3384
     "output_type": "execute_result"
    }
   ],
   "source": [
<<<<<<< HEAD
    "forest.corr()"
=======
    "forest = pd.read_csv(\"https://archive.ics.uci.edu/ml/machine-learning-databases/forest-fires/forestfires.csv\")\n",
    "forest.head()"
>>>>>>> e3ab436d4b0919c82f62b78da00d9eb0f24c3384
   ]
  },
  {
   "cell_type": "code",
<<<<<<< HEAD
   "execution_count": 5,
   "metadata": {
    "colab": {
     "base_uri": "https://localhost:8080/",
     "height": 204
    },
    "id": "k8xadG68IDwm",
    "outputId": "df1388a4-1512-449d-d3f7-fec8669e76d2"
=======
   "execution_count": null,
   "metadata": {
    "colab": {
     "base_uri": "https://localhost:8080/"
    },
    "id": "5z-UTUM2NNyg",
    "outputId": "70bf949d-4d6f-45b5-d00a-0980dcf74699"
>>>>>>> e3ab436d4b0919c82f62b78da00d9eb0f24c3384
   },
   "outputs": [
    {
     "data": {
<<<<<<< HEAD
      "text/html": [
       "<div>\n",
       "<style scoped>\n",
       "    .dataframe tbody tr th:only-of-type {\n",
       "        vertical-align: middle;\n",
       "    }\n",
       "\n",
       "    .dataframe tbody tr th {\n",
       "        vertical-align: top;\n",
       "    }\n",
       "\n",
       "    .dataframe thead th {\n",
       "        text-align: right;\n",
       "    }\n",
       "</style>\n",
       "<table border=\"1\" class=\"dataframe\">\n",
       "  <thead>\n",
       "    <tr style=\"text-align: right;\">\n",
       "      <th></th>\n",
       "      <th>X</th>\n",
       "      <th>Y</th>\n",
       "      <th>FFMC</th>\n",
       "      <th>DMC</th>\n",
       "      <th>DC</th>\n",
       "      <th>ISI</th>\n",
       "      <th>temp</th>\n",
       "      <th>RH</th>\n",
       "      <th>wind</th>\n",
       "      <th>rain</th>\n",
       "      <th>area</th>\n",
       "      <th>month_int</th>\n",
       "      <th>season</th>\n",
       "    </tr>\n",
       "  </thead>\n",
       "  <tbody>\n",
       "    <tr>\n",
       "      <th>0</th>\n",
       "      <td>2</td>\n",
       "      <td>4</td>\n",
       "      <td>82.1</td>\n",
       "      <td>3.7</td>\n",
       "      <td>9.3</td>\n",
       "      <td>2.9</td>\n",
       "      <td>5.3</td>\n",
       "      <td>78</td>\n",
       "      <td>3.1</td>\n",
       "      <td>0.0</td>\n",
       "      <td>0.00</td>\n",
       "      <td>1</td>\n",
       "      <td>0</td>\n",
       "    </tr>\n",
       "    <tr>\n",
       "      <th>1</th>\n",
       "      <td>4</td>\n",
       "      <td>5</td>\n",
       "      <td>18.7</td>\n",
       "      <td>1.1</td>\n",
       "      <td>171.4</td>\n",
       "      <td>0.0</td>\n",
       "      <td>5.2</td>\n",
       "      <td>100</td>\n",
       "      <td>0.9</td>\n",
       "      <td>0.0</td>\n",
       "      <td>0.00</td>\n",
       "      <td>1</td>\n",
       "      <td>0</td>\n",
       "    </tr>\n",
       "    <tr>\n",
       "      <th>2</th>\n",
       "      <td>3</td>\n",
       "      <td>4</td>\n",
       "      <td>83.9</td>\n",
       "      <td>8.0</td>\n",
       "      <td>30.2</td>\n",
       "      <td>2.6</td>\n",
       "      <td>12.7</td>\n",
       "      <td>48</td>\n",
       "      <td>1.8</td>\n",
       "      <td>0.0</td>\n",
       "      <td>0.00</td>\n",
       "      <td>2</td>\n",
       "      <td>0</td>\n",
       "    </tr>\n",
       "    <tr>\n",
       "      <th>3</th>\n",
       "      <td>2</td>\n",
       "      <td>2</td>\n",
       "      <td>86.6</td>\n",
       "      <td>13.2</td>\n",
       "      <td>43.0</td>\n",
       "      <td>5.3</td>\n",
       "      <td>12.3</td>\n",
       "      <td>51</td>\n",
       "      <td>0.9</td>\n",
       "      <td>0.0</td>\n",
       "      <td>0.00</td>\n",
       "      <td>2</td>\n",
       "      <td>0</td>\n",
       "    </tr>\n",
       "    <tr>\n",
       "      <th>4</th>\n",
       "      <td>7</td>\n",
       "      <td>4</td>\n",
       "      <td>83.9</td>\n",
       "      <td>8.7</td>\n",
       "      <td>32.1</td>\n",
       "      <td>2.1</td>\n",
       "      <td>8.8</td>\n",
       "      <td>68</td>\n",
       "      <td>2.2</td>\n",
       "      <td>0.0</td>\n",
       "      <td>13.05</td>\n",
       "      <td>2</td>\n",
       "      <td>0</td>\n",
       "    </tr>\n",
       "  </tbody>\n",
       "</table>\n",
       "</div>"
      ],
      "text/plain": [
       "   X  Y  FFMC   DMC     DC  ISI  temp   RH  wind  rain   area  month_int  \\\n",
       "0  2  4  82.1   3.7    9.3  2.9   5.3   78   3.1   0.0   0.00          1   \n",
       "1  4  5  18.7   1.1  171.4  0.0   5.2  100   0.9   0.0   0.00          1   \n",
       "2  3  4  83.9   8.0   30.2  2.6  12.7   48   1.8   0.0   0.00          2   \n",
       "3  2  2  86.6  13.2   43.0  5.3  12.3   51   0.9   0.0   0.00          2   \n",
       "4  7  4  83.9   8.7   32.1  2.1   8.8   68   2.2   0.0  13.05          2   \n",
       "\n",
       "  season  \n",
       "0      0  \n",
       "1      0  \n",
       "2      0  \n",
       "3      0  \n",
       "4      0  "
      ]
     },
     "execution_count": 5,
     "metadata": {},
=======
      "text/plain": [
       "(517, 13)"
      ]
     },
     "execution_count": 287,
     "metadata": {
      "tags": []
     },
>>>>>>> e3ab436d4b0919c82f62b78da00d9eb0f24c3384
     "output_type": "execute_result"
    }
   ],
   "source": [
<<<<<<< HEAD
    " # Winter = 1, Spring = 2, Summer = 3, Fall = 4\n",
    " # PERIODS\n",
    " \n",
    " month_int_season = {\n",
    "    'jan' : [1, \"0\"],\n",
    "    'feb' : [2, \"0\"],\n",
    "    'mar' : [3, \"0\"],\n",
    "    'apr' : [4, \"0\"],\n",
    "    'may' : [5, \"1\"],\n",
    "    'jun' : [6, \"1\"],\n",
    "    'jul' : [7, \"1\"],\n",
    "    'aug' : [8, \"1\"],\n",
    "    'sep' : [9, \"2\"],\n",
    "    'oct' : [10, \"2\"],\n",
    "    'nov' : [11, \"2\"],\n",
    "    'dec' : [12, \"2\"]\n",
    "}\n",
    "\n",
    "forest[\"month_int_season\"] = forest['month'].map(month_int_season) \n",
    "forest[['month_int','season']] = pd.DataFrame(forest.month_int_season.to_list())\n",
    "\n",
    "forest = forest.sort_values(['month_int']).reset_index(drop=True)\n",
    "forest = forest.drop([\"month_int_season\",\"month\",\"day\"], axis=1)\n",
    "\n",
    "forest.head()"
=======
    "forest.shape"
>>>>>>> e3ab436d4b0919c82f62b78da00d9eb0f24c3384
   ]
  },
  {
   "cell_type": "code",
<<<<<<< HEAD
   "execution_count": 6,
   "metadata": {
    "colab": {
     "base_uri": "https://localhost:8080/",
     "height": 619
    },
    "id": "gYXWZR_vTbBz",
    "outputId": "21a668db-3371-4a04-d746-df31714df211"
=======
   "execution_count": null,
   "metadata": {
    "colab": {
     "base_uri": "https://localhost:8080/",
     "height": 390
    },
    "id": "jR2DOO6vTWEv",
    "outputId": "d9c48ca8-5679-485d-d5bd-3ffd61eaf988"
>>>>>>> e3ab436d4b0919c82f62b78da00d9eb0f24c3384
   },
   "outputs": [
    {
     "data": {
<<<<<<< HEAD
      "text/plain": [
       "<AxesSubplot:>"
      ]
     },
     "execution_count": 6,
     "metadata": {},
     "output_type": "execute_result"
=======
      "text/html": [
       "<div>\n",
       "<style scoped>\n",
       "    .dataframe tbody tr th:only-of-type {\n",
       "        vertical-align: middle;\n",
       "    }\n",
       "\n",
       "    .dataframe tbody tr th {\n",
       "        vertical-align: top;\n",
       "    }\n",
       "\n",
       "    .dataframe thead th {\n",
       "        text-align: right;\n",
       "    }\n",
       "</style>\n",
       "<table border=\"1\" class=\"dataframe\">\n",
       "  <thead>\n",
       "    <tr style=\"text-align: right;\">\n",
       "      <th></th>\n",
       "      <th>X</th>\n",
       "      <th>Y</th>\n",
       "      <th>FFMC</th>\n",
       "      <th>DMC</th>\n",
       "      <th>DC</th>\n",
       "      <th>ISI</th>\n",
       "      <th>temp</th>\n",
       "      <th>RH</th>\n",
       "      <th>wind</th>\n",
       "      <th>rain</th>\n",
       "      <th>area</th>\n",
       "    </tr>\n",
       "  </thead>\n",
       "  <tbody>\n",
       "    <tr>\n",
       "      <th>X</th>\n",
       "      <td>1.000000</td>\n",
       "      <td>0.539548</td>\n",
       "      <td>-0.021039</td>\n",
       "      <td>-0.048384</td>\n",
       "      <td>-0.085916</td>\n",
       "      <td>0.006210</td>\n",
       "      <td>-0.051258</td>\n",
       "      <td>0.085223</td>\n",
       "      <td>0.018798</td>\n",
       "      <td>0.065387</td>\n",
       "      <td>0.063385</td>\n",
       "    </tr>\n",
       "    <tr>\n",
       "      <th>Y</th>\n",
       "      <td>0.539548</td>\n",
       "      <td>1.000000</td>\n",
       "      <td>-0.046308</td>\n",
       "      <td>0.007782</td>\n",
       "      <td>-0.101178</td>\n",
       "      <td>-0.024488</td>\n",
       "      <td>-0.024103</td>\n",
       "      <td>0.062221</td>\n",
       "      <td>-0.020341</td>\n",
       "      <td>0.033234</td>\n",
       "      <td>0.044873</td>\n",
       "    </tr>\n",
       "    <tr>\n",
       "      <th>FFMC</th>\n",
       "      <td>-0.021039</td>\n",
       "      <td>-0.046308</td>\n",
       "      <td>1.000000</td>\n",
       "      <td>0.382619</td>\n",
       "      <td>0.330512</td>\n",
       "      <td>0.531805</td>\n",
       "      <td>0.431532</td>\n",
       "      <td>-0.300995</td>\n",
       "      <td>-0.028485</td>\n",
       "      <td>0.056702</td>\n",
       "      <td>0.040122</td>\n",
       "    </tr>\n",
       "    <tr>\n",
       "      <th>DMC</th>\n",
       "      <td>-0.048384</td>\n",
       "      <td>0.007782</td>\n",
       "      <td>0.382619</td>\n",
       "      <td>1.000000</td>\n",
       "      <td>0.682192</td>\n",
       "      <td>0.305128</td>\n",
       "      <td>0.469594</td>\n",
       "      <td>0.073795</td>\n",
       "      <td>-0.105342</td>\n",
       "      <td>0.074790</td>\n",
       "      <td>0.072994</td>\n",
       "    </tr>\n",
       "    <tr>\n",
       "      <th>DC</th>\n",
       "      <td>-0.085916</td>\n",
       "      <td>-0.101178</td>\n",
       "      <td>0.330512</td>\n",
       "      <td>0.682192</td>\n",
       "      <td>1.000000</td>\n",
       "      <td>0.229154</td>\n",
       "      <td>0.496208</td>\n",
       "      <td>-0.039192</td>\n",
       "      <td>-0.203466</td>\n",
       "      <td>0.035861</td>\n",
       "      <td>0.049383</td>\n",
       "    </tr>\n",
       "    <tr>\n",
       "      <th>ISI</th>\n",
       "      <td>0.006210</td>\n",
       "      <td>-0.024488</td>\n",
       "      <td>0.531805</td>\n",
       "      <td>0.305128</td>\n",
       "      <td>0.229154</td>\n",
       "      <td>1.000000</td>\n",
       "      <td>0.394287</td>\n",
       "      <td>-0.132517</td>\n",
       "      <td>0.106826</td>\n",
       "      <td>0.067668</td>\n",
       "      <td>0.008258</td>\n",
       "    </tr>\n",
       "    <tr>\n",
       "      <th>temp</th>\n",
       "      <td>-0.051258</td>\n",
       "      <td>-0.024103</td>\n",
       "      <td>0.431532</td>\n",
       "      <td>0.469594</td>\n",
       "      <td>0.496208</td>\n",
       "      <td>0.394287</td>\n",
       "      <td>1.000000</td>\n",
       "      <td>-0.527390</td>\n",
       "      <td>-0.227116</td>\n",
       "      <td>0.069491</td>\n",
       "      <td>0.097844</td>\n",
       "    </tr>\n",
       "    <tr>\n",
       "      <th>RH</th>\n",
       "      <td>0.085223</td>\n",
       "      <td>0.062221</td>\n",
       "      <td>-0.300995</td>\n",
       "      <td>0.073795</td>\n",
       "      <td>-0.039192</td>\n",
       "      <td>-0.132517</td>\n",
       "      <td>-0.527390</td>\n",
       "      <td>1.000000</td>\n",
       "      <td>0.069410</td>\n",
       "      <td>0.099751</td>\n",
       "      <td>-0.075519</td>\n",
       "    </tr>\n",
       "    <tr>\n",
       "      <th>wind</th>\n",
       "      <td>0.018798</td>\n",
       "      <td>-0.020341</td>\n",
       "      <td>-0.028485</td>\n",
       "      <td>-0.105342</td>\n",
       "      <td>-0.203466</td>\n",
       "      <td>0.106826</td>\n",
       "      <td>-0.227116</td>\n",
       "      <td>0.069410</td>\n",
       "      <td>1.000000</td>\n",
       "      <td>0.061119</td>\n",
       "      <td>0.012317</td>\n",
       "    </tr>\n",
       "    <tr>\n",
       "      <th>rain</th>\n",
       "      <td>0.065387</td>\n",
       "      <td>0.033234</td>\n",
       "      <td>0.056702</td>\n",
       "      <td>0.074790</td>\n",
       "      <td>0.035861</td>\n",
       "      <td>0.067668</td>\n",
       "      <td>0.069491</td>\n",
       "      <td>0.099751</td>\n",
       "      <td>0.061119</td>\n",
       "      <td>1.000000</td>\n",
       "      <td>-0.007366</td>\n",
       "    </tr>\n",
       "    <tr>\n",
       "      <th>area</th>\n",
       "      <td>0.063385</td>\n",
       "      <td>0.044873</td>\n",
       "      <td>0.040122</td>\n",
       "      <td>0.072994</td>\n",
       "      <td>0.049383</td>\n",
       "      <td>0.008258</td>\n",
       "      <td>0.097844</td>\n",
       "      <td>-0.075519</td>\n",
       "      <td>0.012317</td>\n",
       "      <td>-0.007366</td>\n",
       "      <td>1.000000</td>\n",
       "    </tr>\n",
       "  </tbody>\n",
       "</table>\n",
       "</div>"
      ],
      "text/plain": [
       "             X         Y      FFMC  ...      wind      rain      area\n",
       "X     1.000000  0.539548 -0.021039  ...  0.018798  0.065387  0.063385\n",
       "Y     0.539548  1.000000 -0.046308  ... -0.020341  0.033234  0.044873\n",
       "FFMC -0.021039 -0.046308  1.000000  ... -0.028485  0.056702  0.040122\n",
       "DMC  -0.048384  0.007782  0.382619  ... -0.105342  0.074790  0.072994\n",
       "DC   -0.085916 -0.101178  0.330512  ... -0.203466  0.035861  0.049383\n",
       "ISI   0.006210 -0.024488  0.531805  ...  0.106826  0.067668  0.008258\n",
       "temp -0.051258 -0.024103  0.431532  ... -0.227116  0.069491  0.097844\n",
       "RH    0.085223  0.062221 -0.300995  ...  0.069410  0.099751 -0.075519\n",
       "wind  0.018798 -0.020341 -0.028485  ...  1.000000  0.061119  0.012317\n",
       "rain  0.065387  0.033234  0.056702  ...  0.061119  1.000000 -0.007366\n",
       "area  0.063385  0.044873  0.040122  ...  0.012317 -0.007366  1.000000\n",
       "\n",
       "[11 rows x 11 columns]"
      ]
     },
     "execution_count": 288,
     "metadata": {
      "tags": []
     },
     "output_type": "execute_result"
    }
   ],
   "source": [
    "forest.corr()"
   ]
  },
  {
   "cell_type": "code",
   "execution_count": null,
   "metadata": {
    "colab": {
     "base_uri": "https://localhost:8080/",
     "height": 204
>>>>>>> e3ab436d4b0919c82f62b78da00d9eb0f24c3384
    },
    "id": "k8xadG68IDwm",
    "outputId": "9c4297b9-ee55-46c9-c9ad-f994d6c39101"
   },
   "outputs": [
    {
     "data": {
<<<<<<< HEAD
